Date,SP500
728672,465.97
728675,469.38
728676,470.05
728677,469.71
728678,466.95
728679,464.78
728682,465.82
728683,465.86
728684,467.44
728685,468.32
728686,470.39
728689,468.51
728690,470.42
728691,470.4
728692,472.79
728693,478.65
728696,481.14
728697,480.81
728698,481.19
728699,480.19
728700,481.46
728703,481.65
728704,482.55
728705,484.54
728706,485.22
728707,481.97
728710,482.345
728711,482.72
728712,485.07
728713,486.91
728714,488.11
728717,483.81
728718,487.39
728719,485.65
728720,485.13
728721,485.42
728724,485.63
728725,482.12
728726,483.14
728727,483.16
728728,489.57
728731,490.05
728732,492.89
728733,491.88
728734,495.41
728735,495.52
728738,496.14
728739,495.07
728740,495.67
728741,495.95
728742,500.97
728745,503.2
728746,503.9
728747,503.12
728748,502.22
728749,500.71
728752,501.85
728753,505.24
728754,505.57
728755,506.08
728756,506.42
728759,507.01
728760,505.53
728761,507.17
728762,509.23
728763,507.68
728766,506.13
728767,505.37
728768,504.92
728769,505.29
728770,508.49
728773,512.89
728774,512.1
728775,512.66
728776,513.55
728777,514.71
728780,514.26
728781,514.86
728782,520.48
728783,520.54
728784,520.12
728787,523.96
728788,523.56
728789,524.36
728790,524.37
728791,525.55
728794,527.74
728795,528.19
728796,527.07
728797,519.58
728798,519.19
728801,523.65
728802,528.59
728803,528.61
728804,528.59
728805,523.65
728808,523.615
728809,523.58
728810,533.4
728811,533.49
728812,532.51
728815,535.6
728816,535.55
728817,533.13
728818,532.35
728819,527.94
728822,530.88
728823,536.05
728824,536.47
728825,537.12
728826,539.83
728829,545.22
728830,544.98
728831,543.98
728832,551.07
728833,549.71
728836,544.13
728837,542.43
728838,544.73
728839,543.87
728840,544.75
728843,547.09
728844,547.175
728845,547.26
728846,553.99
728847,556.37
728850,557.19
728851,554.78
728852,560.89
728853,561
728854,559.89
728857,562.72
728858,558.46
728859,550.98
728860,553.54
728861,553.62
728864,556.63
728865,561.1
728866,561.61
728867,565.22
728868,562.93
728871,562.06
728872,559.64
728873,558.8
728874,558.75
728875,558.94
728878,560.03
728879,560.39
728880,559.71
728881,557.45
728882,555.11
728885,559.74
728886,558.57
728887,559.97
728888,559.04
728889,559.21
728892,558.11
728893,559.52
728894,557.14
728895,557.46
728896,560.1
728899,559.05
728900,560
728901,560.92
728902,561.88
728903,563.84
728906,566.505
728907,569.17
728908,570.17
728909,570.29
728910,572.68
728913,573.91
728914,576.51
728915,578.77
728916,583.61
728917,583.35
728920,582.77
728921,584.2
728922,586.77
728923,583
728924,581.73
728927,581.81
728928,581.41
728929,581.04
728930,585.87
728931,584.41
728934,581.72
728935,582.34
728936,581.47
728937,582.63
728938,582.49
728941,578.37
728942,577.52
728943,579.46
728944,583.1
728945,584.5
728948,583.03
728949,586.78
728950,587.44
728951,590.65
728952,587.46
728955,585.06
728956,586.54
728957,582.47
728958,576.72
728959,579.7
728962,583.25
728963,581.5
728964,584.22
728965,589.72
728966,590.57
728969,588.46
728970,586.32
728971,591.71
728972,593.26
728973,592.72
728976,592.3
728977,589.29
728978,593.96
728979,597.34
728980,600.07
728983,596.85
728984,600.24
728985,598.4
728986,599.185
728987,599.97
728990,601.32
728991,606.45
728992,607.64
728993,605.37
728994,606.98
728997,613.68
728998,617.68
728999,620.18
729000,616.17
729001,617.48
729004,619.52
729005,618.78
729006,621.69
729007,616.92
729008,616.34
729011,606.81
729012,611.93
729013,605.94
729014,610.49
729015,611.95
729018,613.125
729019,614.3
729020,614.53
729021,614.12
729022,615.93
729025,618.33
729026,620.73
729027,621.32
729028,617.7
729029,616.71
729032,618.46
729033,609.45
729034,598.48
729035,602.69
729036,601.81
729039,599.82
729040,608.44
729041,606.37
729042,608.24
729043,611.83
729046,613.4
729047,612.79
729048,619.96
729049,617.03
729050,621.62
729053,624.22
729054,630.15
729055,636.02
729056,638.46
729057,635.84
729060,641.43
729061,646.33
729062,649.93
729063,656.07
729064,656.37
729067,661.45
729068,660.51
729069,655.58
729070,651.32
729071,647.98
729074,644.315
729075,640.65
729076,648.1
729077,658.86
729078,659.08
729081,650.46
729082,647.24
729083,644.75
729084,640.43
729085,644.37
729088,650.81
729089,655.79
729090,652
729091,653.65
729092,633.5
729095,640.02
729096,637.09
729097,638.55
729098,640.87
729099,641.43
729102,652.65
729103,651.69
729104,649.98
729105,649.19
729106,650.62
729109,650.04
729110,652.97
729111,648.91
729112,648.94
729113,645.5
729116,653.73
729117,655.26
729118,655.88
729119,655.86
729120,650.05
729123,644.24
729124,642.19
729125,633.5
729126,631.18
729127,636.71
729130,642.49
729131,645
729132,641.61
729133,643.61
729134,645.07
729137,647.89
729138,651.58
729139,650.17
729140,652.87
729141,653.46
729144,654.16
729145,654.17
729146,654.58
729147,643.38
729148,641.63
729151,640.81
729152,638.26
729153,644.77
729154,645.44
729155,652.09
729158,661.51
729159,665.6
729160,665.42
729161,664.85
729162,668.91
729165,673.15
729166,672.76
729167,678.42
729168,676
729169,678.51
729172,675.37
729173,672.23
729174,667.93
729175,671.7
729176,669.12
729179,667.68
729180,672.56
729181,678.44
729182,673.03
729183,673.31
729186,672.16
729187,670.97
729188,669.04
729189,667.92
729190,665.85
729193,665.16
729194,662.06
729195,661.96
729196,662.1
729197,666.84
729200,668.85
729201,668.48
729202,664.39
729203,668.55
729204,670.63
729207,675.88
729208,673.61
729209,672.4
729210,664.92
729211,657.44
729214,652.54
729215,654.75
729216,656.06
729217,645.67
729218,646.19
729221,629.8
729222,628.37
729223,634.07
729224,643.56
729225,638.73
729228,633.77
729229,626.87
729230,626.65
729231,631.17
729232,635.9
729235,630.91
729236,635.26
729237,639.95
729238,650.02
729239,662.49
729242,660.23
729243,662.38
729244,664.16
729245,662.59
729246,662.1
729249,665.77
729250,660.2
729251,662.05
729252,662.28
729253,665.21
729256,666.58
729257,665.69
729258,665.07
729259,670.68
729260,667.03
729263,663.88
729264,666.4
729265,664.81
729266,657.4
729267,651.99
729270,653.355
729271,654.72
729272,655.61
729273,649.44
729274,655.68
729277,663.76
729278,663.81
729279,667.28
729280,671.15
729281,680.54
729284,683.98
729285,682.94
729286,681.47
729287,683
729288,687.03
729291,686.48
729292,685.61
729293,685.83
729294,685.86
729295,686.19
729298,687.33
729299,689.08
729300,694.01
729301,692.78
729302,701.46
729305,703.34
729306,700.64
729307,696.74
729308,694.61
729309,700.66
729312,703.54
729313,702.57
729314,704.41
729315,706.99
729316,710.82
729319,709.85
729320,706.57
729321,707.27
729322,702.29
729323,700.92
729326,697.26
729327,701.5
729328,700.9
729329,705.27
729330,703.77
729333,706.73
729334,714.14
729335,724.59
729336,727.65
729337,730.82
729340,731.87
729341,729.56
729342,731.13
729343,735.88
729344,737.62
729347,737.02
729348,742.16
729349,743.95
729350,742.75
729351,748.73
729354,757.03
729355,755.96
729356,755
729357,756.01
729358,757.02
729361,756.56
729362,748.28
729363,745.1
729364,744.38
729365,739.6
729368,749.76
729369,747.54
729370,740.73
729371,729.3
729372,728.64
729375,720.98
729376,726.04
729377,731.54
729378,745.76
729379,748.87
729382,746.92
729383,751.03
729384,753.425
729385,755.82
729386,756.79
729389,753.85
729390,740.74
729391,738.875
729392,737.01
729393,748.03
729396,747.65
729397,753.23
729398,748.41
729399,754.85
729400,759.5
729403,759.51
729404,768.86
729405,767.2
729406,769.75
729407,776.17
729410,776.7
729411,782.72
729412,786.23
729413,777.56
729414,770.52
729417,765.02
729418,765.02
729419,772.5
729420,784.17
729421,786.16
729424,786.73
729425,789.26
729426,778.28
729427,780.15
729428,789.56
729431,785.43
729432,789.59
729433,802.77
729434,811.82
729435,808.48
729438,812.385
729439,816.29
729440,812.49
729441,802.8
729442,801.77
729445,810.28
729446,812.03
729447,805.68
729448,795.07
729449,790.82
729452,795.31
729453,790.95
729454,801.99
729455,798.56
729456,804.97
729459,813.65
729460,811.34
729461,804.26
729462,789.56
729463,793.17
729466,795.71
729467,789.66
729468,785.77
729469,782.65
729470,784.1
729473,790.89
729474,789.07
729475,790.5
729476,773.88
729477,765.5
729480,757.12
729481,759.64
729482,750.11
729483,750.32
729484,757.9
729487,762.13
729488,766.12
729489,760.6
729490,758.34
729491,737.65
729494,743.73
729495,754.72
729496,763.53
729497,761.77
729498,766.34
729501,760.37
729502,774.61
729503,773.64
729504,771.18
729505,765.37
729508,772.96
729509,794.05
729510,801.34
729511,798.53
729512,812.97
729515,830.29
729516,827.76
729517,815.62
729518,820.26
729519,824.78
729522,837.66
729523,833.13
729524,836.04
729525,841.88
729526,829.75
729529,833.27
729530,841.66
729531,839.35
729532,835.66
729533,847.03
729536,848.37
729537,849.71
729538,847.21
729539,844.08
729540,848.28
729543,846.36
729544,845.48
729545,840.11
729546,843.43
729547,858.01
729550,862.91
729551,865.27
729552,869.57
729553,883.46
729554,893.27
729557,893.9
729558,894.42
729559,889.06
729560,897.99
729561,898.7
729564,878.62
729565,896.34
729566,888.99
729567,883.68
729568,887.3
729571,885.14
729572,891.03
729573,904.03
729574,916.92
729575,914.56
729578,912.2
729579,918.75
729580,907.54
729581,913.78
729582,916.68
729585,918.38
729586,925.76
729587,936.59
729588,931.61
729589,915.3
729592,912.94
729593,933.98
729594,936.56
729595,940.3
729596,938.79
729599,936.45
729600,942.29
729601,952.29
729602,954.31
729603,947.14
729606,950.3
729607,952.37
729608,960.32
729609,951.19
729610,933.54
729613,937
729614,926.53
729615,922.02
729616,924.77
729617,900.81
729620,912.49
729621,926.01
729622,939.35
729623,925.05
729624,923.54
729627,920.16
729628,913.02
729629,913.7
729630,903.67
729631,899.47
729634,913.525
729635,927.58
729636,927.86
729637,930.87
729638,929.05
729641,931.2
729642,933.62
729643,919.03
729644,912.59
729645,923.91
729648,919.77
729649,945.64
729650,943
729651,947.29
729652,950.51
729655,955.43
729656,951.93
729657,944.48
729658,937.91
729659,945.22
729662,953.34
729663,947.28
729664,955.41
729665,960.46
729666,965.03
729669,972.69
729670,983.12
729671,973.84
729672,970.62
729673,966.98
729676,968.1
729677,970.28
729678,965.72
729679,955.25
729680,944.16
729683,955.61
729684,972.28
729685,968.49
729686,950.69
729687,941.64
729690,876.99
729691,921.85
729692,919.16
729693,903.68
729694,914.62
729697,938.99
729698,940.76
729699,942.76
729700,938.03
729701,927.51
729704,921.13
729705,923.78
729706,905.96
729707,916.66
729708,928.35
729711,946.2
729712,938.23
729713,944.59
729714,958.98
729715,963.09
729718,946.67
729719,950.82
729720,951.64
729721,953.52
729722,955.4
729725,974.77
729726,971.68
729727,976.77
729728,973.1
729729,983.79
729732,982.37
729733,975.78
729734,969.79
729735,954.94
729736,953.39
729739,963.39
729740,968.04
729741,965.54
729742,955.3
729743,946.78
729746,953.7
729747,939.13
729748,932.7
729749,934.58
729750,936.46
729753,953.35
729754,970.84
729755,970.43
729756,972.735
729757,975.04
729760,977.07
729761,966.58
729762,964
729763,956.05
729764,927.69
729767,939.21
729768,952.12
729769,957.94
729770,950.73
729771,961.51
729774,970.055
729775,978.6
729776,970.81
729777,963.04
729778,957.59
729781,956.95
729782,969.02
729783,977.46
729784,985.49
729785,980.28
729788,1001.27
729789,1006
729790,1006.9
729791,1003.54
729792,1012.46
729795,1010.74
729796,1019.01
729797,1020.01
729798,1024.14
729799,1020.09
729802,1021.425
729803,1022.76
729804,1032.08
729805,1028.28
729806,1034.21
729809,1038.14
729810,1030.56
729811,1042.9
729812,1048.67
729813,1049.34
729816,1047.7
729817,1052.02
729818,1047.33
729819,1035.05
729820,1055.69
729823,1052.31
729824,1064.25
729825,1068.47
729826,1069.92
729827,1068.61
729830,1079.27
729831,1080.45
729832,1085.52
729833,1089.74
729834,1099.16
729837,1095.55
729838,1105.65
729839,1101.93
729840,1100.8
729841,1095.44
729844,1093.6
729845,1101.75
729846,1108.15
729847,1120.01
729848,1122.7
729851,1121.38
729852,1109.55
729853,1101.65
729854,1110.67
729855,1110.18
729858,1109.69
729859,1115.75
729860,1119.32
729861,1108.17
729862,1122.72
729865,1123.65
729866,1126.67
729867,1130.54
729868,1119.58
729869,1107.9
729872,1086.54
729873,1085.11
729874,1094.62
729875,1111.75
729876,1121
729879,1122.07
729880,1115.5
729881,1104.92
729882,1095.14
729883,1108.14
729886,1106.64
729887,1115.79
729888,1118.86
729889,1117.37
729890,1108.73
729893,1105.82
729894,1109.52
729895,1119.06
729896,1114.64
729897,1110.47
729900,1102.245
729901,1094.02
729902,1092.23
729903,1097.6
729904,1090.82
729907,1090.98
729908,1093.22
729909,1082.73
729910,1094.83
729911,1113.86
729914,1115.72
729915,1118.41
729916,1112.28
729917,1094.58
729918,1098.84
729921,1077.01
729922,1087.59
729923,1107.11
729924,1106.37
729925,1100.65
729928,1103.21
729929,1119.49
729930,1132.88
729931,1129.28
729932,1133.2
729935,1138.49
729936,1133.84
729937,1148.56
729938,1146.42
729939,1151.875
729942,1157.33
729943,1154.66
729944,1166.38
729945,1158.56
729946,1164.33
729949,1165.19
729950,1177.58
729951,1174.81
729952,1183.99
729953,1186.75
729956,1184.1
729957,1165.07
729958,1164.08
729959,1139.75
729960,1140.8
729963,1147.27
729964,1130.24
729965,1125.21
729966,1142.95
729967,1120.67
729970,1112.44
729971,1072.12
729972,1081.43
729973,1089.63
729974,1089.45
729977,1083.14
729978,1068.98
729979,1084.22
729980,1074.91
729981,1062.75
729984,1083.67
729985,1101.2
729986,1098.06
729987,1091.6
729988,1081.24
729991,1088.14
729992,1092.85
729993,1084.19
729994,1042.59
729995,1027.14
729998,957.28
729999,994.26
730000,990.48
730001,982.26
730002,973.89
730005,998.675
730006,1023.46
730007,1006.2
730008,980.19
730009,1009.06
730012,1029.72
730013,1037.68
730014,1045.48
730015,1018.87
730016,1020.09
730019,1023.89
730020,1029.63
730021,1066.09
730022,1042.72
730023,1044.75
730026,1048.69
730027,1049.02
730028,1017.01
730029,986.39
730030,1002.6
730033,988.56
730034,984.59
730035,970.68
730036,959.44
730037,984.39
730040,997.71
730041,994.8
730042,1005.53
730043,1047.49
730044,1056.42
730047,1062.39
730048,1063.93
730049,1069.92
730050,1078.48
730051,1070.67
730054,1072.32
730055,1065.34
730056,1068.09
730057,1085.93
730058,1098.67
730061,1111.6
730062,1110.84
730063,1118.67
730064,1133.85
730065,1141.01
730068,1130.2
730069,1128.26
730070,1120.97
730071,1117.69
730072,1125.72
730075,1135.87
730076,1139.32
730077,1144.48
730078,1152.61
730079,1163.55
730082,1188.21
730083,1182.99
730084,1186.87
730085,1189.6
730086,1192.33
730089,1163.63
730090,1175.28
730091,1171.25
730092,1150.14
730093,1176.74
730096,1187.7
730097,1181.38
730098,1183.49
730099,1165.02
730100,1166.46
730103,1141.2
730104,1162.83
730105,1161.94
730106,1179.98
730107,1188.03
730110,1202.84
730111,1203.57
730112,1228.54
730113,1226.27
730114,1225.88
730117,1225.49
730118,1241.81
730119,1231.93
730120,1229.23
730121,1228.665
730124,1228.1
730125,1244.78
730126,1272.34
730127,1269.73
730128,1275.09
730131,1263.88
730132,1239.51
730133,1234.4
730134,1212.19
730135,1243.26
730138,1247.63
730139,1252
730140,1256.62
730141,1235.16
730142,1225.19
730145,1233.98
730146,1252.31
730147,1243.17
730148,1265.37
730149,1279.64
730152,1273
730153,1261.99
730154,1272.07
730155,1248.49
730156,1239.4
730159,1243.77
730160,1216.14
730161,1223.55
730162,1254.04
730163,1230.13
730166,1236
730167,1241.87
730168,1224.03
730169,1237.28
730170,1239.22
730173,1272.14
730174,1271.18
730175,1253.41
730176,1245.02
730177,1238.33
730180,1236.16
730181,1225.5
730182,1227.7
730183,1246.64
730184,1275.47
730187,1282.73
730188,1279.84
730189,1286.84
730190,1297.68
730191,1294.59
730194,1307.26
730195,1306.38
730196,1297.82
730197,1316.55
730198,1299.29
730201,1297.01
730202,1262.14
730203,1268.59
730204,1289.99
730205,1282.8
730208,1310.17
730209,1300.75
730210,1286.37
730211,1293.72
730212,1307.42
730215,1321.12
730216,1317.89
730217,1326.89
730218,1343.98
730219,1348.35
730222,1358.63
730223,1349.82
730224,1328.44
730225,1322.85
730226,1319
730229,1289.48
730230,1306.17
730231,1336.12
730232,1358.82
730233,1356.85
730236,1360.04
730237,1362.8
730238,1350.91
730239,1342.83
730240,1335.18
730243,1354.63
730244,1332
730245,1347.31
730246,1332.05
730247,1345
730250,1340.3
730251,1355.61
730252,1364
730253,1367.56
730254,1337.8
730257,1339.49
730258,1333.32
730259,1344.23
730260,1338.83
730261,1330.29
730264,1306.65
730265,1284.4
730266,1304.76
730267,1281.41
730268,1301.84
730271,1298.05
730272,1294.26
730273,1294.81
730274,1299.54
730275,1327.75
730278,1334.52
730279,1317.33
730280,1318.64
730281,1302.82
730282,1293.64
730285,1294
730286,1301.16
730287,1330.41
730288,1339.9
730289,1342.84
730292,1349
730293,1335.88
730294,1333.06
730295,1315.78
730296,1315.31
730299,1331.35
730300,1351.45
730301,1372.71
730302,1380.96
730303,1391.22
730306,1389.67
730307,1388.12
730308,1395.86
730309,1394.42
730310,1403.28
730313,1399.1
730314,1393.56
730315,1398.17
730316,1409.62
730317,1418.78
730320,1407.65
730321,1377.1
730322,1379.29
730323,1360.97
730324,1356.94
730327,1347.76
730328,1362.84
730329,1365.4
730330,1341.03
730331,1328.72
730334,1328.05
730335,1322.18
730336,1305.33
730337,1313.71
730338,1300.29
730341,1297.8
730342,1281.43
730343,1301.93
730344,1298.16
730345,1327.68
730348,1330.77
730349,1344.16
730350,1332.84
730351,1323.59
730352,1336.61
730355,1360.22
730356,1363.5
730357,1381.79
730358,1362.01
730359,1348.27
730362,1324.02
730363,1320.41
730364,1331.07
730365,1319.11
730366,1357.24
730369,1353.845
730370,1350.45
730371,1344.15
730372,1347.66
730373,1351.66
730376,1344.13
730377,1336.29
730378,1317.97
730379,1318.48
730380,1335.42
730383,1335.53
730384,1307.58
730385,1310.51
730386,1280.41
730387,1277.36
730390,1283.31
730391,1282.2
730392,1268.37
730393,1282.71
730394,1282.81
730397,1304.6
730398,1301.35
730399,1325.4
730400,1317.64
730401,1336.02
730404,1335.21
730405,1313.04
730406,1285.55
730407,1283.42
730408,1247.41
730411,1254.13
730412,1261.32
730413,1289.43
730414,1283.61
730415,1301.65
730418,1293.63
730419,1281.91
730420,1296.71
730421,1342.44
730422,1362.93
730425,1354.12
730426,1347.74
730427,1354.93
730428,1362.64
730429,1370.23
730432,1377.01
730433,1365.28
730434,1373.46
730435,1381.46
730436,1396.06
730439,1394.39
730440,1420.07
730441,1410.71
730442,1424.94
730443,1422
730446,1420.94
730447,1404.64
730448,1417.08
730449,1416.85
730450,1416.62
730453,1407.83
730454,1388.91
730455,1397.72
730456,1409.04
730457,1433.3
730460,1423.33
730461,1409.17
730462,1403.88
730463,1408.11
730464,1417.04
730467,1415.22
730468,1403.17
730469,1413.33
730470,1418.78
730471,1421.03
730474,1418.09
730475,1433.43
730476,1436.13
730477,1458.34
730478,1457.72
730481,1457.1
730482,1457.66
730483,1463.46
730484,1464.47
730485,1469.25
730488,1455.22
730489,1399.42
730490,1402.11
730491,1403.45
730492,1441.47
730495,1457.6
730496,1438.56
730497,1432.25
730498,1449.68
730499,1465.15
730502,1460.145
730503,1455.14
730504,1455.9
730505,1445.57
730506,1441.36
730509,1401.53
730510,1410.03
730511,1404.09
730512,1398.56
730513,1360.16
730516,1394.46
730517,1409.28
730518,1409.12
730519,1424.97
730520,1424.37
730523,1424.24
730524,1441.72
730525,1411.71
730526,1416.83
730527,1387.12
730530,1389.94
730531,1402.05
730532,1387.67
730533,1388.26
730534,1346.09
730537,1349.13
730538,1352.17
730539,1360.69
730540,1353.43
730541,1333.36
730544,1348.05
730545,1366.42
730546,1379.19
730547,1381.76
730548,1409.17
730551,1391.28
730552,1355.62
730553,1366.7
730554,1401.69
730555,1395.07
730558,1383.62
730559,1359.15
730560,1392.14
730561,1458.47
730562,1464.47
730565,1456.63
730566,1493.87
730567,1500.64
730568,1527.35
730569,1527.46
730572,1523.86
730573,1507.73
730574,1508.52
730575,1487.92
730576,1498.58
730579,1505.97
730580,1494.73
730581,1487.37
730582,1501.34
730583,1516.35
730586,1504.46
730587,1500.59
730588,1467.17
730589,1440.51
730590,1356.56
730593,1401.44
730594,1441.61
730595,1427.47
730596,1434.54
730597,1432.2
730600,1429.86
730601,1477.44
730602,1460.99
730603,1464.92
730604,1452.43
730607,1468.25
730608,1446.29
730609,1415.1
730610,1409.57
730611,1432.63
730614,1424.17
730615,1412.14
730616,1383.05
730617,1407.81
730618,1420.96
730621,1452.36
730622,1466.04
730623,1447.8
730624,1437.21
730625,1406.95
730628,1400.72
730629,1373.86
730630,1399.05
730631,1381.52
730632,1378.02
730635,1400.235
730636,1422.45
730637,1420.6
730638,1448.81
730639,1477.26
730642,1467.63
730643,1457.84
730644,1471.36
730645,1461.67
730646,1456.95
730649,1446
730650,1469.44
730651,1470.54
730652,1478.73
730653,1464.46
730656,1486
730657,1475.95
730658,1479.13
730659,1452.18
730660,1441.48
730663,1455.31
730664,1450.55
730665,1454.82
730666,1442.39
730667,1454.6
730670,1469.54
730671,1457.885
730672,1446.23
730673,1456.67
730674,1478.9
730677,1475.62
730678,1480.88
730679,1492.92
730680,1495.84
730681,1509.98
730684,1510.49
730685,1493.74
730686,1481.96
730687,1495.57
730688,1480.19
730691,1464.29
730692,1474.47
730693,1452.42
730694,1449.62
730695,1419.89
730698,1430.83
730699,1438.1
730700,1438.7
730701,1452.56
730702,1462.93
730705,1479.32
730706,1482.8
730707,1472.87
730708,1460.25
730709,1471.84
730712,1491.56
730713,1484.43
730714,1479.85
730715,1496.07
730716,1491.72
730719,1499.48
730720,1498.13
730721,1505.97
730722,1508.31
730723,1506.45
730726,1514.09
730727,1509.84
730728,1502.59
730729,1517.68
730730,1520.77
730733,1513.925
730734,1507.08
730735,1492.25
730736,1502.51
730737,1494.5
730740,1489.26
730741,1481.99
730742,1484.91
730743,1480.87
730744,1465.81
730747,1444.51
730748,1459.9
730749,1451.34
730750,1449.05
730751,1448.72
730754,1439.03
730755,1427.21
730756,1426.57
730757,1458.29
730758,1436.51
730761,1436.23
730762,1426.46
730763,1434.32
730764,1436.28
730765,1408.99
730768,1402.03
730769,1387.02
730770,1364.59
730771,1329.78
730772,1374.17
730775,1374.62
730776,1349.97
730777,1342.13
730778,1388.76
730779,1396.93
730782,1395.78
730783,1398.13
730784,1364.9
730785,1364.44
730786,1379.58
730789,1398.66
730790,1429.4
730791,1421.22
730792,1428.32
730793,1426.69
730796,1432.19
730797,1431.87
730798,1409.28
730799,1400.14
730800,1365.98
730803,1351.26
730804,1382.95
730805,1389.81
730806,1372.32
730807,1367.72
730810,1342.62
730811,1347.35
730812,1322.36
730813,1332.065
730814,1341.77
730817,1348.97
730818,1336.09
730819,1341.93
730820,1314.95
730821,1315.23
730824,1324.97
730825,1376.54
730826,1351.46
730827,1343.55
730828,1369.89
730831,1380.2
730832,1371.18
730833,1359.99
730834,1340.93
730835,1312.15
730838,1322.74
730839,1305.6
730840,1264.74
730841,1274.86
730842,1305.95
730845,1310.57
730846,1315.19
730847,1328.92
730848,1334.22
730849,1320.28
730852,1301.775
730853,1283.27
730854,1347.56
730855,1333.34
730856,1298.35
730859,1295.86
730860,1300.8
730861,1313.27
730862,1326.82
730863,1318.55
730866,1322.6
730867,1326.65
730868,1329.47
730869,1347.97
730870,1342.54
730873,1342.9
730874,1360.4
730875,1364.3
730876,1357.51
730877,1354.95
730880,1364.17
730881,1373.73
730882,1366.01
730883,1373.47
730884,1349.47
730887,1354.31
730888,1352.26
730889,1340.89
730890,1332.53
730891,1314.76
730894,1330.31
730895,1318.8
730896,1315.92
730897,1326.61
730898,1301.53
730901,1290.235
730902,1278.94
730903,1255.27
730904,1252.82
730905,1245.86
730908,1267.65
730909,1257.94
730910,1239.94
730911,1241.23
730912,1234.18
730915,1241.41
730916,1253.8
730917,1261.89
730918,1264.74
730919,1233.42
730922,1180.16
730923,1197.66
730924,1166.71
730925,1173.56
730926,1150.53
730929,1170.81
730930,1142.62
730931,1122.14
730932,1117.58
730933,1139.83
730936,1152.69
730937,1182.17
730938,1153.29
730939,1147.95
730940,1160.33
730943,1145.87
730944,1106.46
730945,1103.25
730946,1151.44
730947,1128.43
730950,1137.59
730951,1168.38
730952,1165.89
730953,1183.5
730954,1181.59
730957,1179.68
730958,1191.81
730959,1238.16
730960,1253.69
730961,1242.98
730964,1224.36
730965,1209.47
730966,1228.75
730967,1234.52
730968,1253.05
730971,1249.46
730972,1266.44
730973,1267.43
730974,1248.58
730975,1266.61
730978,1263.51
730979,1261.2
730980,1255.54
730981,1255.18
730982,1245.67
730985,1248.92
730986,1249.44
730987,1284.99
730988,1288.49
730989,1291.96
730992,1312.83
730993,1309.38
730994,1289.05
730995,1293.17
730996,1277.89
730999,1272.91
731000,1267.93
731001,1248.08
731002,1255.82
731003,1260.67
731006,1267.11
731007,1283.57
731008,1270.03
731009,1276.96
731010,1264.96
731013,1254.39
731014,1255.85
731015,1241.6
731016,1219.87
731017,1214.36
731020,1208.43
731021,1212.58
731022,1223.14
731023,1237.04
731024,1225.35
731027,1218.6
731028,1216.76
731029,1211.07
731030,1226.2
731031,1224.38
731034,1236.72
731035,1234.45
731036,1226.845
731037,1219.24
731038,1190.59
731041,1198.78
731042,1181.52
731043,1180.18
731044,1208.14
731045,1215.68
731048,1202.45
731049,1214.44
731050,1207.71
731051,1215.02
731052,1210.85
731055,1191.03
731056,1171.65
731057,1190.49
731058,1202.93
731059,1205.82
731062,1204.52
731063,1211.23
731064,1215.93
731065,1220.75
731066,1214.35
731069,1200.48
731070,1204.4
731071,1183.53
731072,1183.43
731073,1190.16
731076,1191.29
731077,1186.73
731078,1178.02
731079,1181.66
731080,1161.97
731083,1171.41
731084,1157.26
731085,1165.31
731086,1162.09
731087,1184.93
731090,1179.21
731091,1161.51
731092,1148.56
731093,1129.03
731094,1133.58
731097,1133.26
731098,1132.94
731099,1131.74
731100,1106.4
731101,1085.78
731104,1092.54
731105,1081.786
731106,1071.032
731107,1060.278
731108,1049.524
731111,1038.77
731112,1032.74
731113,1016.1
731114,984.54
731115,965.8
731118,1003.45
731119,1012.27
731120,1007.04
731121,1018.61
731122,1040.94
731125,1038.55
731126,1051.33
731127,1072.28
731128,1069.63
731129,1071.38
731132,1062.44
731133,1056.75
731134,1080.99
731135,1097.43
731136,1091.65
731139,1089.98
731140,1097.54
731141,1077.09
731142,1068.61
731143,1073.48
731146,1089.9
731147,1084.78
731148,1085.2
731149,1100.09
731150,1104.61
731153,1078.3
731154,1059.79
731155,1059.78
731156,1084.1
731157,1087.2
731160,1102.84
731161,1118.86
731162,1115.8
731163,1118.54
731164,1120.31
731167,1118.33
731168,1139.09
731169,1141.21
731170,1142.24
731171,1138.65
731174,1151.06
731175,1142.66
731176,1137.03
731177,1143.685
731178,1150.34
731181,1157.42
731182,1149.5
731183,1128.52
731184,1140.2
731185,1139.45
731188,1129.9
731189,1144.8
731190,1170.35
731191,1167.1
731192,1158.31
731195,1139.93
731196,1136.76
731197,1137.07
731198,1119.38
731199,1123.09
731202,1134.36
731203,1142.92
731204,1149.56
731205,1139.93
731206,1144.89
731209,1144.65
731210,1147.01
731211,1149.37
731212,1157.13
731213,1161.02
731216,1148.08
731217,1151.375
731218,1154.67
731219,1165.27
731220,1172.51
731223,1164.89
731224,1160.71
731225,1155.14
731226,1156.55
731227,1145.6
731230,1138.41
731231,1146.19
731232,1127.57
731233,1138.88
731234,1127.58
731237,1123.445
731238,1119.31
731239,1128.18
731240,1132.15
731241,1133.28
731244,1133.06
731245,1100.64
731246,1113.57
731247,1130.2
731248,1122.2
731251,1094.44
731252,1090.02
731253,1083.51
731254,1080.17
731255,1096.22
731258,1111.94
731259,1107.5
731260,1118.51
731261,1116.48
731262,1104.18
731265,1093.76
731266,1083.34
731267,1097.98
731268,1080.95
731269,1089.84
731272,1109.43
731273,1109.38
731274,1109.89
731275,1106.73
731276,1131.78
731279,1153.84
731280,1146.14
731281,1162.77
731282,1157.54
731283,1164.31
731286,1168.26
731287,1165.58
731288,1154.09
731289,1153.04
731290,1166.16
731293,1165.55
731294,1170.29
731295,1151.85
731296,1153.59
731297,1148.7
731300,1131.87
731301,1138.49
731302,1144.58
731303,1147.39
731304,1146.965
731307,1146.54
731308,1136.76
731309,1125.4
731310,1126.34
731311,1122.73
731314,1125.29
731315,1117.8
731316,1130.47
731317,1103.69
731318,1111.01
731321,1102.55
731322,1128.37
731323,1126.07
731324,1124.47
731325,1125.17
731328,1107.83
731329,1100.96
731330,1093.14
731331,1091.48
731332,1076.32
731335,1065.45
731336,1076.92
731337,1086.46
731338,1084.56
731339,1073.43
731342,1052.67
731343,1049.49
731344,1088.85
731345,1073.01
731346,1054.99
731349,1074.56
731350,1097.28
731351,1091.07
731352,1098.23
731353,1106.59
731356,1091.88
731357,1079.88
731358,1086.02
731359,1097.08
731360,1083.82
731363,1079.185
731364,1074.55
731365,1067.66
731366,1060.11
731367,1067.14
731370,1040.68
731371,1040.69
731372,1049.9
731373,1029.15
731374,1027.53
731377,1030.74
731378,1013.6
731379,1020.26
731380,1009.56
731381,1007.27
731384,1036.17
731385,1037.14
731386,1019.99
731387,1006.29
731388,989.14
731391,992.72
731392,976.14
731393,973.53
731394,981.675
731395,989.82
731398,968.65
731399,948.09
731400,953.99
731401,971.51
731402,989.03
731405,976.98
731406,952.83
731407,920.47
731408,927.37
731409,921.39
731412,917.93
731413,900.94
731414,906.04
731415,881.56
731416,847.75
731419,819.85
731420,797.7
731421,843.43
731422,838.68
731423,852.84
731426,898.96
731427,902.78
731428,911.62
731429,884.66
731430,864.24
731433,834.6
731434,859.57
731435,876.77
731436,905.46
731437,908.64
731440,903.8
731441,884.21
731442,919.62
731443,930.25
731444,928.77
731447,950.7
731448,937.43
731449,949.36
731450,962.7
731451,940.86
731454,947.95
731455,934.82
731456,917.87
731457,917.8
731458,916.07
731461,897.045
731462,878.02
731463,893.4
731464,879.15
731465,893.92
731468,902.96
731469,909.58
731470,909.45
731471,886.91
731472,889.81
731475,891.1
731476,873.52
731477,869.46
731478,843.32
731479,845.39
731482,833.7
731483,819.29
731484,839.66
731485,854.95
731486,827.37
731489,815.28
731490,847.91
731491,827.91
731492,818.95
731493,800.58
731496,785.28
731497,798.55
731498,776.76
731499,803.92
731500,835.32
731503,841.44
731504,881.27
731505,860.02
731506,879.2
731507,884.39
731510,899.72
731511,890.16
731512,896.14
731513,882.5
731514,897.65
731517,890.23
731518,882.15
731519,890.71
731520,885.76
731521,900.96
731524,908.35
731525,915.39
731526,923.76
731527,902.65
731528,894.74
731531,876.19
731532,882.95
731533,882.53
731534,904.27
731535,909.83
731538,900.36
731539,896.74
731540,914.15
731541,933.76
731542,930.55
731545,932.87
731546,913.31
731547,938.87
731548,937.59
731549,936.31
731552,934.53
731553,920.75
731554,913.65
731555,906.55
731556,912.23
731559,892
731560,904.45
731561,904.96
731562,901.58
731563,889.48
731566,910.4
731567,902.99
731568,891.12
731569,884.25
731570,895.76
731573,897.38
731574,892.47
731575,891.065
731576,889.66
731577,875.4
731580,879.39
731581,879.82
731582,894.425
731583,909.03
731584,908.59
731587,929.01
731588,922.93
731589,909.93
731590,927.57
731591,927.57
731594,926.26
731595,931.66
731596,918.22
731597,914.6
731598,901.78
731601,894.7
731602,887.62
731603,878.36
731604,887.34
731605,861.4
731608,847.48
731609,858.54
731610,864.36
731611,844.61
731612,855.7
731615,860.32
731616,848.2
731617,843.59
731618,838.15
731619,829.69
731622,835.97
731623,829.2
731624,818.68
731625,817.37
731626,834.89
731629,843.03
731630,851.17
731631,845.13
731632,837.1
731633,848.17
731636,832.58
731637,838.57
731638,827.55
731639,837.28
731640,841.15
731643,834.81
731644,821.99
731645,829.85
731646,822.1
731647,828.89
731650,807.48
731651,800.73
731652,804.19
731653,831.9
731654,833.27
731657,862.79
731658,866.45
731659,874.02
731660,875.67
731661,895.79
731664,864.23
731665,874.74
731666,869.95
731667,868.52
731668,863.5
731671,848.18
731672,858.48
731673,880.9
731674,876.45
731675,878.85
731678,879.93
731679,878.29
731680,865.99
731681,871.58
731682,868.3
731685,885.23
731686,890.81
731687,879.91
731688,893.58
731689,892.795
731692,892.01
731693,911.37
731694,919.02
731695,911.43
731696,898.81
731699,914.84
731700,917.84
731701,916.92
731702,916.3
731703,930.08
731706,926.55
731707,934.39
731708,929.62
731709,920.27
731710,933.41
731713,945.11
731714,942.3
731715,939.28
731716,946.67
731717,944.3
731720,920.77
731721,919.73
731722,923.42
731723,931.87
731724,933.22
731727,942.35
731728,951.48
731729,953.22
731730,949.64
731731,963.59
731734,967
731735,971.56
731736,986.24
731737,990.14
731738,987.76
731741,975.93
731742,984.84
731743,997.48
731744,998.51
731745,988.61
731748,1010.74
731749,1011.66
731750,1010.09
731751,994.7
731752,995.69
731755,981.64
731756,983.45
731757,975.32
731758,985.82
731759,976.22
731762,974.5
731763,982.32
731764,993.75
731765,985.7
731766,995.06
731769,1004.42
731770,1007.84
731771,1002.21
731772,988.7
731773,998.14
731776,1003.86
